<?xml version="1.0"?>
<opencv_storage>
<cameraMatrixL type_id="opencv-matrix">
  <rows>3</rows>
  <cols>3</cols>
  <dt>d</dt>
  <data>
    696.67185270517155 0. 270.31775638747393 0. 654.53562583454993
    282.51286343721131 0. 0. 1.</data></cameraMatrixL>
<distL type_id="opencv-matrix">
  <rows>1</rows>
  <cols>5</cols>
  <dt>d</dt>
  <data>
    1.3970127118295737 -29.715481825517227 -0.11219850812314686
    -0.044320344062074975 119.8333953983347</data></distL>
<newCameraMatrixL type_id="opencv-matrix">
  <rows>3</rows>
  <cols>3</cols>
  <dt>d</dt>
  <data>
    743.23247599497358 0. 290.9066792097891 0. 626.76839401654831
    246.17825357821891 0. 0. 1.</data></newCameraMatrixL>
<roiL type_id="opencv-matrix">
  <rows>4</rows>
  <cols>1</cols>
  <dt>d</dt>
  <data>
    179. 213. 169. 99.</data></roiL>
</opencv_storage>
